! (7,1)
" (6,5)
# (5,9)
$ (1,8)
% (4,7)
& (2,10)
' (7,10)
( (5,7)
) (4,3)
* (4,8)
+ (4,10)
, (10,8)
- (2,3)
. (3,8)
/ (2,9)
0 (3,9)
1 (1,3)
2 (10,2)
3 (7,7)
4 (3,2)
5 (7,9)
6 (9,7)
7 (5,10)
8 (9,1)
9 (9,6)
: (5,1)
; (9,10)
< (1,2)
= (3,3)
> (1,7)
? (6,3)
A (7,3)
B (2,7)
C (9,4)
D (5,3)
E (6,8)
F (4,5)
G (7,6)
H (8,6)
I (5,2)
J (10,9)
K (6,6)
L (4,1)
M (6,10)
N (8,7)
O (6,9)
P (10,1)
Q (8,10)
R (7,4)
S (10,10)
T (6,7)
U (7,2)
V (7,8)
W (9,9)
X (3,5)
Y (5,4)
Z (10,4)
a (1,1)
b (6,1)
c (2,5)
d (9,8)
e (4,2)
f (3,7)
g (1,5)
h (5,8)
i (3,1)
j (8,9)
k (4,9)
l (2,6)
m (10,3)
n (2,8)
o (3,6)
p (9,3)
q (6,4)
r (4,6)
s (2,1)
t (2,2)
u (6,2)
v (4,4)
w (8,1)
x (9,5)
y (8,4)
z (9,2)
