! (2,9)
" (9,5)
# (4,10)
$ (1,10)
% (6,5)
& (6,2)
' (7,6)
( (4,8)
) (8,9)
* (7,8)
+ (8,5)
, (7,4)
- (2,6)
. (9,10)
/ (10,2)
0 (4,4)
1 (1,6)
2 (8,7)
3 (5,6)
4 (10,1)
5 (4,9)
6 (9,9)
7 (3,8)
8 (2,5)
9 (7,9)
: (5,10)
; (7,10)
< (1,5)
= (7,1)
> (8,6)
? (8,10)
A (5,5)
B (2,7)
C (6,3)
D (3,6)
E (8,8)
F (5,8)
G (4,6)
H (7,3)
I (10,5)
J (6,8)
K (6,9)
L (3,2)
M (10,3)
N (5,7)
O (3,4)
P (1,7)
Q (5,4)
R (10,7)
S (9,1)
T (9,6)
U (5,2)
V (7,5)
W (5,9)
X (1,4)
Y (9,4)
Z (4,3)
a (4,7)
b (10,9)
c (2,2)
d (4,5)
e (7,2)
f (1,8)
g (1,1)
h (10,8)
i (8,4)
j (6,10)
k (5,3)
l (3,7)
m (3,1)
n (2,1)
o (3,9)
p (2,3)
q (5,1)
r (1,9)
s (4,2)
t (2,8)
u (4,1)
v (8,1)
w (8,3)
x (10,4)
y (10,6)
z (1,2)
