! (8,3)
" (8,10)
# (6,9)
$ (6,8)
% (3,8)
& (10,5)
' (1,6)
( (6,4)
) (3,4)
* (2,4)
+ (7,5)
, (5,9)
- (7,2)
. (8,6)
/ (3,6)
0 (2,8)
1 (4,9)
2 (1,1)
3 (4,5)
4 (1,4)
5 (9,4)
6 (1,2)
7 (1,9)
8 (5,7)
9 (3,3)
: (4,3)
; (7,1)
< (9,9)
= (6,1)
> (6,6)
? (3,7)
A (3,1)
B (5,5)
C (5,1)
D (1,5)
E (7,3)
F (2,6)
G (3,5)
H (2,3)
I (8,4)
J (9,3)
K (6,3)
L (2,1)
M (5,3)
N (4,1)
O (8,7)
P (10,8)
Q (5,2)
R (6,10)
S (7,9)
T (3,9)
U (4,7)
V (8,8)
W (10,7)
X (5,8)
Y (1,3)
Z (4,10)
a (2,2)
b (10,2)
c (8,9)
d (10,3)
e (7,4)
f (2,7)
g (4,8)
h (3,2)
i (9,10)
j (8,5)
k (4,6)
l (7,7)
m (9,6)
n (6,7)
o (2,9)
p (7,6)
q (6,5)
r (2,5)
s (4,4)
t (9,8)
u (7,8)
v (1,10)
w (10,6)
x (5,4)
y (3,10)
z (5,6)
